confirming same number both times: 100 100
tau: 0.07474747474747477
p_value: 0.2705037522979463
